"Rank","Nation","Gold","Silver","Bronze","Total"
"1","Cuba","27","17","19","63"
"2","Mexico","5","9","6","20"
"3","Puerto Rico","2","2","3","7"
"4","Jamaica","1","0","1","2"
"5","Panama","0","3","2","5"
"6","Colombia","0","2","1","3"
"7","Nicaragua","0","1","0","1"
"7","Guatemala","0","1","0","1"
"9","Venezuela","0","0","2","2"
"10","Bahamas","0","0","1","1"
