"Rank","Nation","Gold","Silver","Bronze","Total"
"1","China","32","5","0","37"
"2","Iran","10","4","5","19"
"3","South Korea","2","3","2","7"
"4","Kazakhstan","1","6","2","9"
"5","Indonesia","0","10","14","24"
"6","India","0","8","4","12"
"7","North Korea","0","6","8","14"
"8","Mongolia","0","2","1","3"
"9","Kyrgyzstan","0","1","2","3"
"10","Chinese Taipei","0","0","1","1"
"10","Thailand","0","0","1","1"
"Total","Total","45","45","40","130"
