"Player","GP","G","A","Pts","PIM","+/-"
"Cammi Granato","5","7","6","13","0","16"
"Krissy Wendell","5","3","9","12","4","10"
"Nancy Drolet","5","4","7","11","4","7"
"Jennifer Botterill","5","8","2","10","4","11"
"Ekaterina Pashkevich","5","6","4","10","2","5"
"Jenny Schmidgall","5","3","7","10","4","15"
"Kelly Bechard","5","1","9","10","8","10"
"Tammy Shewchuk","5","5","4","9","2","11"
"Danielle Goyette","5","4","5","9","0","8"
"Katie King","5","7","1","8","0","10"
