"Rank","Nation","Gold","Silver","Bronze","Total"
"1","Italy","179","146","121","446"
"2","France","113","90","69","272"
"3","Spain","58","94","111","263"
"4","Serbia","17","16","25","58"
"5","Tunisia","12","7","6","25"
"6","Greece","11","28","39","78"
"7","Slovenia","11","15","9","35"
"8","Croatia","5","9","9","23"
"9","Algeria","5","1","4","10"
"10","Egypt","3","5","7","15"
"11","Turkey","1","5","11","17"
"12","Cyprus","1","2","3","6"
"Total","Total","416","418","414","1248"
