"Rank","Nation","Gold","Silver","Bronze","Total"
"1","Russia","9","2","6","17"
"2","Sweden","3","1","1","5"
"3","France","2","1","1","4"
"4","Ireland","2","0","0","2"
"5","Spain","1","6","5","12"
"6","Great Britain","1","4","1","6"
"7","Poland","1","3","2","6"
"8","Ukraine","1","2","3","6"
"9","Romania","1","2","1","4"
"10","Belarus","1","1","0","2"
"11","Germany","1","0","5","6"
"12","Bulgaria","1","0","1","2"
"13=","Belgium","1","0","0","1"
"13=","Czech Republic","1","0","0","1"
"13=","Denmark","1","0","0","1"
"13=","Portugal","1","0","0","1"
"17=","Austria","0","2","1","3"
"17=","Greece","0","2","1","3"
"19","Netherlands","0","1","1","2"
"20","Italy","0","1","0","1"
