"Rank","Nation","Gold","Silver","Bronze","Total"
"1","South Korea","6","6","3","15"
"2","Japan","6","4","4","14"
"3","Uzbekistan","2","0","4","6"
"4","Mongolia","1","4","4","9"
"5","China","1","1","5","7"
"6","Kazakhstan","0","1","5","6"
"7","North Korea","0","0","3","3"
"8","Iran","0","0","2","2"
"9","Chinese Taipei","0","0","1","1"
"9","Vietnam","0","0","1","1"
"Total","Total","16","16","32","64"
