"Rank","Nation","Gold","Silver","Bronze","Total"
"1","China","1204","819","608","2631"
"2","Japan","910","913","835","2658"
"3","South Korea","618","528","674","1820"
"4","Iran","138","143","157","438"
"5","India","128","168","260","556"
"6","Kazakhstan","110","119","168","397"
"7","Thailand","109","152","204","465"
"8","Indonesia","87","116","188","391"
"9","North Korea","74","109","142","325"
"10","Philippines","62","107","195","364"
"Total","Total","3440","3174","3431","10045"
