"Rank","Nation","Gold","Silver","Bronze","Total"
"1","South Korea","5","3","6","14"
"2","Japan","4","2","9","15"
"3","Kazakhstan","3","2","4","9"
"4","China","3","2","2","7"
"5","Uzbekistan","1","1","4","6"
"6","Mongolia","0","3","1","4"
"7","North Korea","0","2","3","5"
"8","Iran","0","1","2","3"
"9","Indonesia","0","0","1","1"
"Total","Total","16","16","32","64"
