"Rank","Nation","Gold","Silver","Bronze","Total"
"1","China","21","13","8","42"
"2","Qatar","5","2","1","8"
"3","Japan","4","7","7","18"
"4","South Korea","3","6","4","13"
"5","India","3","3","1","7"
"6","Philippines","2","0","0","2"
"7","North Korea","1","0","5","6"
"8","Oman","1","0","0","1"
"9","Chinese Taipei","0","4","10","14"
"10","Malaysia","0","2","2","4"
"11","Indonesia","0","2","0","2"
"12","Kuwait","0","1","0","1"
"13","Iran","0","0","1","1"
"13","Iraq","0","0","1","1"
