"Rank","Nation","Gold","Silver","Bronze","Total"
"1","South Korea","7","2","3","12"
"2","North Korea","3","1","3","7"
"3","India","1","2","3","6"
"4","Thailand","1","2","0","3"
"5","Pakistan","0","2","5","7"
"6","Philippines","0","1","2","3"
"7","Syria","0","1","1","2"
"7","Iraq","0","1","1","2"
"9","Japan","0","0","3","3"
"10","Kuwait","0","0","2","2"
"11","Mongolia","0","0","1","1"
"Total","Total","12","12","24","48"
