"Rank","Player","MP","G","P","T"
"1","Rom√°rio Diego Marques","8","14","9","23"
"2","Seyed Mehdi Sayahi","6","18","4","22"
"3","Tuncay Karakaya","8","11","8","19"
"4","Jarno Mattila","8","11","5","16"
"4","Mohamed Mokrane","6","9","7","16"
"6","Genrik Pavliuklianec","8","13","2","15"
"7","Marius Zibolis","8","7","6","13"
"8","Yao Yongquan","6","9","3","12"
"9","Chen Liangliang","6","9","2","11"
"10","Arvydas Juchna","8","9","1","10"
