"Rank","Nation","Gold","Silver","Bronze","Total"
"1","South Korea","7","1","0","8"
"2","Republic of China","1","2","1","4"
"3","United States","0","2","2","4"
"4","Mexico","0","1","4","5"
"5","Ivory Coast","0","1","1","2"
"6","Ecuador","0","1","0","1"
"7","West Germany","0","0","4","4"
"8","Spain","0","0","3","3"
"9","Netherlands","0","0","1","1"
"Total","Total","8","8","16","32"
