"Discipline","Contested","Number of Olympiads","Gold","Silver","Bronze","Total"
"Baseball","1992-2008","5","5","5","5","15"
"Basque pelota","1900","1","1","1","0","2"
"Cricket","1900","1","1","1","0","2"
"Croquet","1900","1","3","2","2","7"
"Jeu de paume","1908","1","1","1","1","3"
"Lacrosse","1904-1908","2","2","2","1","5"
"Polo","1900; 1908; 1920; 1924; 1936","5","5","6","5","16"
"Rackets","1908","1","2","2","3","7"
"Roque","1904","1","1","1","1","3"
"Softball","1996-2008","4","4","4","4","12"
"Tug of war","1900-1920","5","5","5","3","13"
