"Rank","Name","S-League","Singapore Cup","Singapore League Cup","AFC Cup","Total"
"1","Aleksandar Đurić","12","0","0","5","17"
"2","Ashrin Shariff","5","0","0","1","6"
"2","Therdsak Chaiman","4","0","0","2","6"
"3","Norikazu Murakami","4","1","0","0","5"
"3","Mustaqim Manzur","3","1","0","1","5"
"4","Jamil Ali","2","0","0","2","4"
"5","Masahiro Fukasawa","3","0","0","0","3"
"6","Kenji Arai","2","0","0","0","2"
"7","Shaiful Esah","1","0","0","0","1"
"7","John Wilkinson","0","0","0","1","1"
