"Rank","Nation","Gold","Silver","Bronze","Total"
"1","Soviet Union","7","6","0","13"
"2","Hungary","2","2","1","5"
"3","Japan","2","0","3","5"
"4","Romania","1","3","1","5"
"5","Iran","1","0","1","2"
"6","Turkey","1","0","1","2"
"7","Finland","1","0","0","1"
"7","France","1","0","0","1"
"9","Bulgaria","0","2","2","4"
"10","United States","0","1","2","3"
"11","East Germany","0","1","0","1"
"11","India","0","1","0","1"
"13","Czechoslovakia","0","0","1","1"
"13","Mongolia","0","0","1","1"
"13","Poland","0","0","1","1"
"13","South Korea","0","0","1","1"
"13","Sweden","0","0","1","1"
"Total","Total","16","16","16","48"
